digial_sample_rate_hz = 16000000;
num_samples_digital = 15011729;

digial_channel_numbers = [ 0 ];
digial_channel_initial_bitstates = [ 0 ];

digial_channels{1} = [ 10000000 1 2 2 3 2 2 2 3 1 3 1358 3 13 4 11 80865 5 102273 377171 13323 40291 13391 26873 26663 13601 26751 13455 26819 26872 26664 13601 80463 13454 26663 13602 67034 26873 26663 13601 80463 13454 26663 13601 26751 26873 13391 26873 26663 13601 13323 13455 13392 13454 13391 26873 26663 13601 40179 13455 13391 26873 26663 13601 13323 13455 13391 26873 53519 13601 26751 13454 13392 53661 13283 13601 13323 67128 13391 13406 13284 13601 13323 13455 13391 26873 53519 13600 26752 13455 13391 13455 53518 18686 3 13 4 12 15 1 2700797 ];

